5.643750010395732764e-01 1.692960892133389128e-01 6.683708744252630455e-04 1.389864248706673609e-08 1.170829457369152268e-15 0.000000000000000000e+00 0.000000000000000000e+00 0.000000000000000000e+00 0.000000000000000000e+00 0.000000000000000000e+00
4.632882898265253818e-02 5.641673663703478114e-01 1.558678202520563660e-01 5.041511365109471775e-04 8.437283142466194301e-09 6.139660181576728660e-16 0.000000000000000000e+00 0.000000000000000000e+00 0.000000000000000000e+00 0.000000000000000000e+00
5.057045828747336493e-05 5.827577815774982045e-02 6.016262054592469433e-01 1.424717506155509517e-01 3.770638996899374775e-04 5.076910586063219514e-09 3.219548919612956561e-16 0.000000000000000000e+00 0.000000000000000000e+00 0.000000000000000000e+00
3.968889156112886823e-10 7.762221762972721056e-05 7.279535037517061158e-02 6.380047468572456193e-01 1.292783343874331914e-01 2.796212783055623233e-04 3.028029115488102967e-09 1.125523230844239784e-16 0.000000000000000000e+00 0.000000000000000000e+00
1.906857058658033177e-17 7.516155503759893266e-10 1.181254285619391220e-04 9.024165575676749984e-02 6.728374287718968949e-01 1.164423250692626366e-01 2.055971767740292155e-04 1.790116560576991975e-09 1.180416177669708887e-16 0.000000000000000000e+00
5.294118118379006575e-27 4.472051334782133944e-17 1.410840354668789117e-09 1.782276487964568664e-04 1.110274023672717103e-01 7.056524148935583440e-01 1.040996151623815869e-01 1.498810908326949731e-04 1.048964087791467971e-09 0.000000000000000000e+00
8.272970537084904656e-39 1.540003147196082478e-26 1.039463249859103540e-16 2.624931487136427456e-09 2.666180373710504148e-04 1.355833741598166942e-01 7.359799425514329529e-01 9.236492645667659929e-02 1.083305313867732623e-04 6.092494604435748939e-10
7.174923762559092156e-53 2.987230066933125018e-38 4.439600559377159465e-26 2.394563498322389826e-16 4.840818777451397578e-09 3.954537010093395351e-04 1.643504242715250196e-01 7.633613951339194292e-01 8.133040007851617681e-02 7.762883987818100962e-05
3.424808971118887435e-69 3.217338681115108334e-52 1.068955665557043513e-37 1.268414140619796019e-25 5.467132676770459921e-16 8.848778319139668142e-09 5.815711032155817172e-04 1.977697707387389703e-01 7.873589863345532569e-01 7.111767163338064690e-02
8.949445221196294902e-88 1.907690277397748770e-68 1.429729361560842507e-51 3.790834941715161520e-37 3.591482355747340049e-25 1.237115139129533763e-15 1.603298738745815652e-08 8.480490353287210934e-04 2.362717256246188169e-01 8.663511874442194616e-01
