3.922166889147400326e+01 3.399489947758216335e-01
3.677516505679895431e+01 9.180112523777050892e-01
2.171681370196377259e+01 9.426708126379490515e-01
3.394802971685045634e+01 1.196183346031580719e+00
2.310127361082946607e+01 1.815747436944440407e+00
3.039111645233205650e+01 2.343835651269873033e+00
3.085601329693816197e+01 2.370905445186467730e+00
2.998288939310322121e+01 2.453555532319061427e+00
3.015483543391090038e+01 2.613946446629783260e+00
2.404689978231424874e+01 3.718040977741191355e+00
2.367297828049952102e+01 3.943923324517894180e+00
2.408635477993373541e+01 4.084535209733766159e+00
1.922679820307708098e+01 5.349223296321498289e+00
1.846270771146679479e+01 5.464174995707305804e+00
1.581407537059739177e+01 5.578972807890053787e+00
1.746656623818024556e+01 5.580470716168287382e+00
1.911467460052561762e+01 5.623771670699648340e+00
1.436968471060530383e+01 6.520484357235298845e+00
9.950334489613656075e+00 6.968801790263014162e+00
9.524032742367404936e+00 7.863919717985956126e+00
7.292311705097063168e+00 8.228084476583333640e+00
6.643229220380149513e+00 8.469529986901227048e+00
3.661838310027592858e+00 8.985906607130718982e+00
1.291276382746871931e+01 9.064045009470634184e+00
1.564864907855463372e+01 9.636327926729746807e+00
